0,	2015/01/12,大里,PM2.5,36,40,33,32,33,40,37,34,39,53,60,65,57,50,52,51,43,24,20,28,35,40,30,36	
0,	2015/01/11,大里,PM2.5,37,41,43,43,27,22,26,34,39,37,51,53,61,56,48,43,37,43,43,48,54,51,46,35	
0,	2015/03/21,大里,PM2.5,83,74,72,62,70,72,71,67,66,67,61,50,50,50,45,48,43,52,44,55,46,45,34,35	
0,	2015/02/23,大里,PM2.5,37,38,36,42,41,43,43,44,53,63,70,70,62,60,63,55,49,36,39,37,32,34,29,34	
0,	2015/09/19,大里,PM2.5,44,49,48,43,36,38,39,36,42,41,51,53,51,45,43,39,31,30,30,34,50,53,66,53	
0,	2015/09/13,大里,PM2.5,31,27,29,28,22,22,27,33,45,50,53,53,51,57,48,46,35,31,28,33,39,41,40,41	
0,	2015/10/08,大里,PM2.5,47,47,46,51,52,47,45,42,44,40,35,36,43,41,32,27,24,23,22,23,28,19,21,13	
0,	2015/01/05,大里,PM2.5,48,42,42,34,34,28,34,35,45,47,54,46,35,19,16,21,24,28,37,52,60,62,64,61	
0,	2015/02/12,大里,PM2.5,54,48,47,43,42,43,43,55,54,53,51,0,48,45,39,45,48,47,47,44,49,56,64,61	
0,	2015/10/07,大里,PM2.5,42,32,35,30,35,46,47,49,42,45,41,34,33,28,33,39,49,49,43,41,39,43,44,53	
0,	2015/04/16,大里,PM2.5,52,51,54,53,53,48,45,41,32,31,24,32,35,35,33,26,25,18,19,21,28,30,32,28	
0,	2015/05/08,大里,PM2.5,46,52,58,62,71,68,70,63,70,60,59,46,53,40,31,21,26,25,18,16,20,30,32,30	
0,	2015/11/17,大里,PM2.5,50,36,35,29,33,33,37,31,36,31,30,38,36,44,33,43,40,44,46,56,56,62,52,53	
0,	2015/05/28,大里,PM2.5,7,4,5,0,5,4,3,3,9,114,114,103,103,103,0,4,29,23,19,16,14,23,20,20	
0,	2015/03/16,大里,PM2.5,43,33,37,36,34,37,36,52,60,70,73,65,69,68,67,68,68,63,53,38,31,31,30,43	
0,	2015/03/15,大里,PM2.5,67,61,56,56,46,33,24,29,35,43,43,45,37,38,44,47,41,39,48,50,45,45,53,48	
0,	2015/02/07,大里,PM2.5,32,32,38,43,49,48,47,54,56,60,62,66,70,73,60,46,23,25,23,40,36,32,25,29	
0,	2015/03/13,大里,PM2.5,27,26,24,31,38,37,29,26,33,45,44,48,52,52,56,50,54,43,47,45,56,53,59,61	
0,	2015/10/21,大里,PM2.5,99,90,92,87,83,71,59,64,68,78,83,99,111,101,74,53,29,32,23,26,23,24,28,23	
0,	2015/07/18,大里,PM2.5,49,45,38,39,39,43,41,46,53,55,63,61,67,57,49,43,44,42,47,51,63,60,50,30	
0,	2015/07/17,大里,PM2.5,46,50,53,47,48,43,52,53,61,63,60,59,58,57,43,30,33,36,44,42,45,51,54,54	
0,	2015/09/12,大里,PM2.5,28,25,28,34,31,32,30,32,40,45,58,53,61,53,49,34,30,26,24,28,27,30,31,31	
0,	2015/07/15,大里,PM2.5,39,39,40,43,33,31,30,36,38,39,44,47,50,45,47,39,35,30,29,27,29,35,39,34	
0,	2015/11/09,大里,PM2.5,114,109,107,102,98,88,74,74,77,77,59,43,32,33,42,47,44,37,22,22,12,13,5,12	
0,	2015/02/06,大里,PM2.5,63,53,52,51,51,47,43,30,27,28,0,41,56,60,59,53,53,51,44,41,39,41,35,31	
0,	2015/10/13,大里,PM2.5,46,56,45,43,46,50,51,50,51,46,43,38,44,35,33,31,35,38,36,42,43,43,41,42	
0,	2015/05/01,大里,PM2.5,44,51,49,55,51,56,62,73,73,68,58,55,48,48,38,38,32,37,39,45,45,48,52,46	
0,	2015/04/30,大里,PM2.5,33,37,36,34,29,33,43,47,55,47,43,41,49,48,40,37,41,39,33,43,46,55,45,51	
0,	2015/09/22,大里,PM2.5,40,44,44,51,53,57,54,50,53,54,59,63,66,54,42,27,34,24,32,39,40,33,24,32	
0,	2015/11/21,大里,PM2.5,46,41,43,47,53,43,39,33,47,49,53,47,55,55,69,63,63,49,43,42,34,31,21,23	
0,	2015/11/20,大里,PM2.5,32,29,29,29,27,31,39,44,43,43,58,65,72,70,59,43,41,49,60,56,55,53,53,53	
0,	2015/05/13,大里,PM2.5,44,43,45,42,41,43,44,55,48,57,46,53,47,48,52,46,49,42,43,36,43,44,49,41	
0,	2015/02/26,大里,PM2.5,34,42,53,55,53,44,43,48,53,58,52,48,38,41,40,43,42,39,39,43,33,24,12,21	
0,	2015/09/21,大里,PM2.5,50,56,61,54,61,52,54,41,48,42,40,43,39,41,34,43,36,37,36,41,40,42,41,43	
0,	2015/03/30,大里,PM2.5,49,40,46,42,52,51,59,56,63,63,53,41,27,31,0,37,28,29,30,37,40,45,44,47	
0,	2015/03/29,大里,PM2.5,35,39,41,33,28,26,26,34,29,42,39,52,59,70,74,66,55,45,32,29,28,40,50,49	
0,	2015/09/15,大里,PM2.5,38,38,36,35,34,38,36,42,41,49,47,55,53,53,51,45,41,30,22,14,12,20,24,25	
0,	2015/05/06,大里,PM2.5,23,32,33,36,37,30,29,31,42,46,53,4,55,53,42,44,51,46,43,33,42,34,35,32	
0,	2015/09/14,大里,PM2.5,40,44,43,40,31,33,38,43,43,46,49,53,43,43,34,37,31,40,41,53,45,41,32,32	
0,	2015/11/14,大里,PM2.5,42,39,43,41,35,37,30,34,37,52,57,42,39,31,36,36,34,32,37,43,53,44,41,37	
0,	2015/02/20,大里,PM2.5,45,45,37,37,36,36,36,45,45,46,41,46,49,43,30,30,35,41,33,32,27,28,32,27	
0,	2015/01/27,大里,PM2.5,56,52,41,46,49,52,43,43,48,48,40,30,30,33,36,37,35,36,43,46,42,30,22,17	
0,	2015/02/19,大里,PM2.5,58,60,62,47,49,43,37,39,47,58,54,52,51,46,43,35,29,31,27,33,33,43,40,50	
0,	2015/10/04,大里,PM2.5,21,15,18,13,23,27,36,33,29,33,42,49,52,52,53,56,53,51,44,40,59,59,63,46	
0,	2015/10/03,大里,PM2.5,40,37,32,38,42,47,54,51,54,49,58,60,59,56,46,39,34,36,58,60,48,23,16,19	
0,	2015/01/01,大里,PM2.5,53,55,58,53,43,36,35,42,55,64,65,59,52,44,47,41,43,40,42,35,28,20,18,16	
0,	2015/02/25,大里,PM2.5,25,26,27,33,34,32,32,33,39,46,53,61,64,58,4,33,40,39,47,47,47,45,37,36	
0,	2015/01/21,大里,PM2.5,46,37,30,31,31,38,42,46,46,36,33,33,37,34,33,33,34,39,48,50,47,45,43,39	
0,	2015/02/17,大里,PM2.5,43,34,37,32,36,31,23,28,33,49,60,70,77,62,54,41,46,43,41,47,52,59,58,63	
0,	2015/02/16,大里,PM2.5,70,67,63,55,39,28,28,46,67,64,0,41,33,21,24,18,18,16,23,27,27,38,41,44	
0,	2015/01/18,大里,PM2.5,77,66,61,62,70,71,69,71,75,82,90,94,88,75,57,47,33,31,25,21,16,16,18,16	
0,	2015/12/22,大里,PM2.5,36,34,39,37,40,33,39,37,49,59,76,80,85,80,72,59,44,44,42,53,53,53,46,48	
0,	2015/03/23,大里,PM2.5,49,45,43,43,43,60,56,68,62,75,77,91,83,62,26,2,5,12,12,5,1,8,10,11	
0,	2015/12/21,大里,PM2.5,45,44,52,63,72,68,60,55,59,60,53,38,33,31,35,29,38,32,33,23,26,29,33,33	
0,	2015/08/22,大里,PM2.5,69,63,65,44,37,22,36,39,42,33,41,53,72,75,66,59,47,55,54,52,43,38,35,34	
0,	2015/01/13,大里,PM2.5,36,36,32,33,38,45,38,45,45,76,84,96,92,87,64,33,21,22,20,15,7,12,9,11	
1,	2015/01/23,大里,PM2.5,61,47,46,55,49,39,29,31,29,19,12,14,30,49,57,55,57,56,64,72,73,75,68,68	
1,	2015/08/21,大里,PM2.5,49,47,47,48,41,38,26,25,26,33,44,48,50,63,77,80,72,63,56,55,54,56,56,62	
1,	2015/11/06,大里,PM2.5,60,58,61,54,40,48,50,61,61,53,52,55,73,82,73,66,62,63,55,60,67,66,69,69	
1,	2015/10/06,大里,PM2.5,49,53,53,41,39,36,49,49,53,55,62,68,73,72,65,58,56,57,59,65,68,63,58,44	
1,	2015/09/20,大里,PM2.5,58,56,56,61,57,67,60,63,60,58,54,52,53,64,62,64,54,54,43,45,40,56,52,52	
1,	2015/02/18,大里,PM2.5,67,71,70,67,59,55,51,53,53,55,49,41,38,44,51,53,53,57,49,50,48,47,47,42	
1,	2015/02/15,大里,PM2.5,66,83,88,94,81,64,58,53,51,57,48,53,43,70,94,104,86,67,58,70,79,79,74,65	
1,	2015/02/14,大里,PM2.5,54,57,53,52,58,57,53,53,74,82,81,72,68,73,58,53,35,40,48,50,59,57,67,68	
1,	2015/02/13,大里,PM2.5,51,49,44,46,39,39,37,38,53,54,53,39,39,44,50,50,53,63,74,75,68,70,62,62	
1,	2015/12/20,大里,PM2.5,52,45,52,56,53,42,31,28,33,42,43,54,62,65,63,70,71,62,55,55,53,48,49,50	
1,	2015/02/05,大里,PM2.5,21,28,25,33,33,37,32,19,19,24,39,53,65,0,0,93,93,90,86,80,76,75,80,71	
1,	2015/11/05,大里,PM2.5,62,64,52,48,48,52,43,41,43,64,77,89,72,63,52,48,35,31,27,39,51,70,75,62	
1,	2015/11/04,大里,PM2.5,25,17,28,25,31,23,23,34,43,61,64,72,72,73,73,66,70,70,80,69,54,44,43,56	
1,	2015/11/13,大里,PM2.5,42,46,65,77,81,81,96,102,109,104,114,117,112,103,87,82,75,78,78,69,48,37,37,39	
1,	2015/01/26,大里,PM2.5,50,53,48,43,38,40,38,47,49,59,55,53,39,29,28,38,51,55,53,55,54,61,55,61	
1,	2015/01/25,大里,PM2.5,71,68,65,63,63,62,57,55,65,70,79,75,75,64,59,68,78,86,80,74,66,60,49,44	
1,	2015/01/24,大里,PM2.5,63,61,59,58,56,52,39,33,34,40,30,33,49,66,76,75,73,60,58,67,83,88,87,80	
1,	2015/01/22,大里,PM2.5,36,46,51,43,33,27,36,36,43,29,29,26,32,31,42,0,73,73,80,82,86,70,74,66	
1,	2015/01/20,大里,PM2.5,62,57,52,53,61,62,62,65,73,82,83,88,83,81,73,71,69,71,66,55,49,42,49,43	
1,	2015/11/12,大里,PM2.5,14,21,23,23,17,21,23,32,33,46,54,70,78,81,0,80,88,90,84,71,68,57,54,43	
1,	2015/01/17,大里,PM2.5,42,33,25,18,13,9,12,20,28,33,33,43,52,55,57,60,66,77,76,76,77,74,82,75	
1,	2015/12/16,大里,PM2.5,53,59,68,57,54,48,67,57,65,58,62,64,65,68,63,66,72,87,82,83,72,66,47,30	
1,	2015/10/29,大里,PM2.5,91,82,79,73,69,68,64,65,61,57,57,59,63,53,0,56,53,50,51,61,72,70,69,60	
1,	2015/03/20,大里,PM2.5,35,39,38,37,41,41,43,50,59,64,57,65,69,81,75,81,77,84,88,89,91,91,93,88	
1,	2015/01/06,大里,PM2.5,59,40,34,25,27,29,26,33,42,47,38,24,14,8,17,30,51,62,68,83,83,96,103,110	
1,	2015/01/04,大里,PM2.5,60,56,53,43,53,53,52,44,44,50,49,51,45,42,40,38,36,43,51,63,68,72,66,58	
1,	2015/01/03,大里,PM2.5,48,48,43,38,37,36,37,34,37,46,64,77,83,75,68,69,64,65,59,66,71,66,57,48	
1,	2015/10/28,大里,PM2.5,56,65,53,56,51,52,51,51,53,49,50,52,64,78,83,89,89,80,73,63,74,83,98,95	
1,	2015/10/27,大里,PM2.5,67,68,64,62,54,58,55,53,53,48,53,44,53,53,0,55,50,47,45,49,48,57,52,62	
1,	2015/10/26,大里,PM2.5,38,30,39,31,35,31,35,37,41,46,53,59,53,59,59,66,64,71,69,77,78,78,71,61	
1,	2015/03/14,大里,PM2.5,70,74,74,73,73,69,72,77,86,90,90,82,81,73,77,68,67,60,61,53,58,56,70,70	
1,	2015/11/08,大里,PM2.5,62,62,69,59,47,35,28,33,28,47,51,60,69,80,84,69,64,64,68,82,93,100,101,103	
1,	2015/10/20,大里,PM2.5,26,30,33,34,33,38,41,52,55,79,71,63,47,53,63,73,73,79,86,99,101,98,107,102	
1,	2015/03/03,大里,PM2.5,52,53,58,57,61,58,56,55,66,50,43,24,25,19,30,53,51,49,45,65,75,79,79,77	
1,	2015/11/07,大里,PM2.5,75,71,71,76,75,60,47,46,62,65,60,42,33,33,39,44,48,61,65,75,79,85,75,64	
2,	2015/09/25,大里,PM2.5,40,35,33,26,23,25,25,33,36,44,45,47,53,46,34,22,16,15,17,20,24,27,29,35	
2,	2015/09/24,大里,PM2.5,41,35,27,18,25,27,32,26,33,31,28,25,20,23,22,32,28,31,25,33,27,30,33,38	
2,	2015/09/23,大里,PM2.5,41,40,45,38,40,35,33,34,41,42,48,4,53,34,30,22,27,29,31,29,39,41,48,38	
2,	2015/09/18,大里,PM2.5,31,37,36,33,21,22,24,28,33,41,47,35,20,12,20,30,33,33,39,41,39,36,39,38	
2,	2015/09/17,大里,PM2.5,25,26,32,35,38,35,30,23,25,29,33,27,23,23,22,4,36,43,32,35,26,26,23,27	
2,	2015/09/16,大里,PM2.5,21,23,31,32,31,26,29,24,39,43,54,41,37,19,15,14,17,16,12,17,19,21,17,18	
2,	2015/05/26,大里,PM2.5,36,32,36,28,31,29,36,35,31,23,23,21,28,35,43,36,16,9,12,15,11,2,0,0	
2,	2015/09/11,大里,PM2.5,18,19,21,25,18,15,22,36,38,36,31,31,41,48,53,43,42,29,28,27,36,32,32,28	
2,	2015/09/10,大里,PM2.5,29,23,25,21,29,19,24,18,21,28,25,32,20,30,23,23,16,15,16,21,19,23,20,29	
2,	2015/12/04,大里,PM2.5,22,25,23,30,23,25,18,26,26,34,36,37,33,30,26,21,26,26,28,17,24,27,28,23	
2,	2015/12/03,大里,PM2.5,30,37,29,22,22,21,19,11,8,8,8,14,24,26,20,23,25,35,38,41,39,35,30,26	
2,	2015/12/02,大里,PM2.5,23,21,27,25,27,23,28,34,41,46,51,46,36,27,26,0,33,33,29,34,37,41,34,36	
2,	2015/12/01,大里,PM2.5,48,0,45,29,23,25,27,58,0,45,0,0,21,26,28,31,26,26,24,32,24,30,25,28	
2,	2015/09/05,大里,PM2.5,15,14,9,16,9,12,18,20,22,13,26,28,36,35,33,23,22,19,28,28,32,32,22,21	
2,	2015/11/30,大里,PM2.5,13,21,37,8,26,13,30,6,27,53,21,19,19,26,15,6,16,32,19,28,34,49,43,4	
2,	2015/11/29,大里,PM2.5,30,55,30,21,11,34,38,16,11,47,21,26,3,22,3,48,29,40,24,19,48,11,20,49	
2,	2015/11/28,大里,PM2.5,24,12,65,19,14,32,34,48,36,33,0,56,7,26,11,10,25,25,28,52,8,15,19,20	
2,	2015/05/12,大里,PM2.5,29,26,21,19,10,13,16,16,14,7,12,8,0,11,18,30,38,34,34,42,44,47,41,47	
2,	2015/05/11,大里,PM2.5,20,24,23,26,23,23,18,23,26,36,50,43,39,25,29,21,23,32,47,43,42,41,42,37	
2,	2015/05/10,大里,PM2.5,18,16,18,16,12,15,25,32,30,33,33,33,26,26,18,21,14,22,16,23,25,28,26,25	
2,	2015/05/07,大里,PM2.5,36,34,28,21,12,3,3,10,20,21,27,29,39,36,42,40,42,41,46,46,47,44,47,46	
2,	2015/05/05,大里,PM2.5,35,28,30,23,33,27,30,25,33,37,37,27,24,24,28,33,34,43,46,52,46,31,18,17	
2,	2015/12/19,大里,PM2.5,12,15,14,15,16,18,20,27,33,42,45,49,43,38,26,33,43,40,48,41,57,55,62,60	
2,	2015/05/03,大里,PM2.5,33,21,17,13,14,23,23,23,15,23,29,29,23,16,23,21,23,18,28,60,62,56,25,23	
2,	2015/05/02,大里,PM2.5,32,22,24,27,21,22,21,24,25,32,32,37,43,44,35,27,26,29,26,27,19,26,30,33	
2,	2015/04/29,大里,PM2.5,34,24,24,23,22,24,21,31,22,30,22,32,26,32,22,4,45,29,32,20,23,24,33,36	
2,	2015/04/28,大里,PM2.5,45,49,41,37,32,31,32,29,38,35,32,24,28,26,23,21,17,21,20,23,19,9,21,23	
2,	2015/04/27,大里,PM2.5,24,27,29,39,30,31,23,38,39,43,4,45,48,43,39,30,30,28,33,37,43,39,41,42	
2,	2015/04/26,大里,PM2.5,18,23,33,26,31,23,34,25,33,25,33,37,33,24,16,24,27,30,24,30,28,33,28,28	
2,	2015/04/25,大里,PM2.5,26,26,24,23,27,27,24,28,30,37,40,46,36,31,20,24,24,27,25,23,24,22,20,14	
2,	2015/04/24,大里,PM2.5,23,18,22,27,29,25,22,23,26,28,35,39,39,38,26,26,24,29,32,35,36,42,32,31	
2,	2015/04/23,大里,PM2.5,13,13,10,16,15,19,19,28,31,36,40,39,45,48,46,37,21,22,20,24,20,25,27,29	
2,	2015/12/27,大里,PM2.5,57,55,54,49,45,44,44,43,37,38,30,28,22,12,10,3,8,7,10,11,9,11,11,14	
2,	2015/04/21,大里,PM2.5,17,18,17,16,8,12,15,15,15,6,9,9,11,21,23,29,26,33,34,40,40,43,41,36	
2,	2015/12/17,大里,PM2.5,24,24,28,25,20,23,28,30,28,26,33,32,33,23,0,53,39,29,21,23,28,25,14,14	
2,	2015/04/18,大里,PM2.5,51,49,56,60,62,58,50,45,44,39,32,20,20,16,22,17,14,10,9,9,8,5,6,3	
2,	2015/04/17,大里,PM2.5,33,28,24,17,23,19,25,24,35,29,29,23,42,56,71,64,61,52,54,47,54,48,55,47	
2,	2015/04/15,大里,PM2.5,36,31,19,24,30,31,19,14,16,19,23,24,33,36,46,54,57,53,50,47,53,50,56,52	
2,	2015/04/14,大里,PM2.5,26,17,18,17,21,20,12,18,26,33,36,23,22,17,22,19,17,13,19,17,24,30,34,39	
2,	2015/04/13,大里,PM2.5,12,14,16,18,14,14,19,21,27,28,26,26,0,27,21,25,37,36,31,25,33,33,36,31	
2,	2015/11/22,大里,PM2.5,16,15,16,14,13,3,3,0,2,7,15,24,33,32,27,23,23,25,31,31,37,41,39,40	
2,	2015/11/19,大里,PM2.5,47,40,32,23,22,28,21,21,11,28,37,43,37,37,0,32,23,26,27,31,34,36,39,35	
2,	2015/08/23,大里,PM2.5,41,46,46,38,35,37,35,33,28,20,26,26,25,11,0,5,7,14,9,12,8,8,7,7	
2,	2015/08/20,大里,PM2.5,20,15,16,12,13,17,18,18,18,25,36,4,42,40,43,49,55,54,54,52,50,52,51,47	
2,	2015/04/04,大里,PM2.5,22,22,23,27,23,28,18,26,22,35,27,27,23,34,36,35,24,23,22,31,28,26,21,18	
2,	2015/11/18,大里,PM2.5,48,46,34,36,36,39,33,33,39,35,31,29,25,29,22,18,19,25,42,40,41,40,46,53	
2,	2015/04/02,大里,PM2.5,14,24,20,23,14,23,23,34,33,33,37,43,43,37,27,24,16,12,12,15,20,19,14,12	
2,	2015/03/31,大里,PM2.5,34,30,23,25,26,28,32,32,31,36,36,36,34,44,44,47,42,38,24,16,22,23,20,10	
2,	2015/11/16,大里,PM2.5,44,39,28,28,24,29,25,22,15,25,37,50,51,50,46,32,31,25,33,33,47,51,61,50	
2,	2015/11/15,大里,PM2.5,38,46,47,44,35,31,31,28,27,34,33,34,23,21,22,19,23,16,28,39,45,42,38,46	
2,	2015/03/22,大里,PM2.5,33,33,26,24,20,18,19,13,17,21,27,30,32,43,44,49,43,46,49,53,54,54,53,50	
2,	2015/03/19,大里,PM2.5,18,19,23,15,16,24,24,21,23,33,37,35,37,41,34,32,29,31,29,35,37,39,33,34	
2,	2015/11/11,大里,PM2.5,29,28,26,30,21,21,16,21,24,34,44,43,45,38,39,38,33,33,25,31,33,30,23,14	
2,	2015/03/17,大里,PM2.5,50,45,39,23,30,23,29,18,21,22,0,33,43,47,4,39,32,32,36,38,32,29,21,15	
2,	2015/12/15,大里,PM2.5,7,7,7,7,10,12,12,12,15,13,12,20,23,36,41,53,51,43,39,43,53,47,48,41	
2,	2015/03/09,大里,PM2.5,45,41,34,30,34,37,41,41,40,34,36,0,43,26,16,8,5,15,17,24,23,22,20,16	
2,	2015/03/08,大里,PM2.5,31,33,23,22,22,24,23,25,29,31,29,35,39,43,33,32,28,33,27,33,33,40,40,43	
2,	2015/03/07,大里,PM2.5,22,25,27,33,30,23,21,17,26,28,30,24,20,21,27,32,33,35,31,32,26,33,31,35	
2,	2015/03/06,大里,PM2.5,26,22,26,17,22,15,20,20,23,20,20,33,36,33,23,27,32,31,26,22,23,34,34,33	
2,	2015/03/05,大里,PM2.5,30,23,23,20,16,6,12,24,33,40,36,38,33,38,43,46,43,39,34,28,38,37,38,23	
2,	2015/03/04,大里,PM2.5,72,68,51,34,19,14,18,23,29,32,26,33,25,31,23,4,30,32,27,35,33,23,22,23	
2,	2015/03/02,大里,PM2.5,4,13,12,12,5,7,11,19,22,23,25,35,40,38,44,47,57,56,63,64,64,65,60,52	
2,	2015/02/28,大里,PM2.5,5,4,6,0,7,3,8,2,12,20,22,28,33,41,36,30,33,33,42,41,37,27,29,29	
2,	2015/02/27,大里,PM2.5,25,33,29,23,21,12,23,23,29,14,25,27,41,35,34,38,33,29,25,22,15,10,3,5	
2,	2015/02/22,大里,PM2.5,39,27,20,23,14,14,5,13,6,16,20,30,34,33,30,27,26,26,23,24,24,33,38,43	
2,	2015/02/21,大里,PM2.5,33,26,34,28,28,23,22,24,23,36,37,38,30,27,21,26,28,41,49,54,61,58,62,53	
2,	2015/02/11,大里,PM2.5,24,23,24,27,23,11,16,14,32,33,55,58,55,37,24,23,23,30,28,28,27,32,44,47	
2,	2015/08/06,大里,PM2.5,37,34,41,48,42,37,30,36,32,33,39,37,33,31,35,36,29,25,26,19,23,23,27,14	
2,	2015/08/05,大里,PM2.5,21,17,12,14,18,22,23,23,27,34,4,37,32,23,15,20,28,34,37,34,37,32,38,36	
2,	2015/02/08,大里,PM2.5,39,38,34,28,14,15,13,23,18,24,26,32,31,33,36,39,38,49,53,60,53,43,34,28	
2,	2015/08/03,大里,PM2.5,26,27,30,27,23,22,14,22,28,39,37,33,25,24,17,19,15,28,29,25,20,21,24,23	
2,	2015/02/02,大里,PM2.5,15,12,18,25,25,25,25,32,37,39,45,47,49,45,36,30,21,24,23,27,24,19,10,15	
2,	2015/12/14,大里,PM2.5,42,40,38,23,22,12,17,17,23,23,22,19,16,17,23,21,27,25,33,23,20,15,15,10	
2,	2015/12/13,大里,PM2.5,22,21,20,19,21,20,12,18,15,33,31,40,33,24,15,9,18,25,30,36,34,38,35,38	
2,	2015/11/01,大里,PM2.5,26,26,26,26,26,26,26,26,26,26,26,26,26,26,26,26,26,26,26,26,26,26,26,26	
2,	2015/10/31,大里,PM2.5,26,29,29,24,23,20,24,24,19,15,11,23,30,31,26,26,26,26,26,26,26,26,26,26	
2,	2015/01/19,大里,PM2.5,14,14,19,18,16,7,6,12,18,30,26,28,31,32,35,37,41,43,42,50,53,54,57,62	
2,	2015/01/16,大里,PM2.5,16,15,17,16,16,13,5,10,14,30,30,25,4,22,23,30,33,40,43,45,37,34,38,43	
2,	2015/10/30,大里,PM2.5,55,39,34,32,32,31,30,34,37,41,41,33,29,22,23,26,30,34,34,36,33,31,26,27	
2,	2015/01/10,大里,PM2.5,38,33,31,24,20,19,22,31,31,45,48,49,38,39,43,46,43,36,33,29,37,34,39,33	
2,	2015/01/09,大里,PM2.5,35,34,37,30,25,25,22,21,18,20,14,12,21,31,44,46,52,44,39,37,43,43,42,39	
2,	2015/01/08,大里,PM2.5,7,9,13,18,11,12,17,29,34,39,41,46,46,44,43,39,41,46,47,48,47,47,43,33	
2,	2015/01/07,大里,PM2.5,117,110,97,68,47,39,34,27,22,15,14,0,23,18,16,12,10,6,5,9,15,21,23,15	
2,	2015/01/02,大里,PM2.5,21,22,26,23,20,18,15,21,21,25,29,32,34,29,32,39,51,51,47,43,43,48,47,53	
2,	2015/10/25,大里,PM2.5,34,28,27,28,31,27,24,27,35,41,40,33,23,26,24,30,25,34,29,28,31,36,40,32	
2,	2015/10/24,大里,PM2.5,23,19,22,19,22,20,22,24,20,27,28,39,30,26,17,19,21,29,27,25,18,29,36,41	
2,	2015/12/26,大里,PM2.5,12,9,21,16,17,13,19,18,20,21,33,36,49,40,39,35,32,36,35,53,60,62,59,54	
2,	2015/10/22,大里,PM2.5,23,17,13,11,6,12,14,20,21,29,33,32,0,38,26,28,28,36,29,32,23,27,20,26	
2,	2015/07/16,大里,PM2.5,29,29,22,27,23,28,32,34,45,49,55,47,43,36,35,26,34,31,37,26,36,35,41,43	
2,	2015/07/14,大里,PM2.5,40,34,33,25,19,23,22,27,23,25,24,0,43,40,38,33,30,26,30,29,30,33,41,45	
2,	2015/07/13,大里,PM2.5,22,21,25,20,21,14,12,19,28,26,24,23,33,26,27,21,23,18,26,29,30,26,33,36	
2,	2015/10/19,大里,PM2.5,17,20,14,14,15,13,15,13,31,43,53,44,41,50,54,54,43,37,33,32,27,26,24,27	
2,	2015/10/18,大里,PM2.5,30,33,26,26,26,25,30,30,36,33,34,33,36,38,26,23,12,17,15,22,12,17,12,23	
2,	2015/10/17,大里,PM2.5,34,30,33,24,24,22,23,23,28,28,27,26,30,32,28,26,23,28,23,30,25,37,31,38	
2,	2015/10/16,大里,PM2.5,21,23,21,22,25,23,18,23,26,35,44,0,54,48,32,24,26,33,33,34,32,30,30,28	
2,	2015/07/07,大里,PM2.5,39,26,23,20,20,23,20,23,26,24,32,26,30,23,27,21,23,20,18,14,11,16,17,14	
2,	2015/07/06,大里,PM2.5,15,17,12,12,13,17,12,18,19,28,25,30,33,33,33,38,37,29,23,24,26,26,30,30	
2,	2015/12/29,大里,PM2.5,13,15,12,14,13,20,21,16,16,15,23,23,23,22,28,20,29,25,40,29,36,34,37,35	
2,	2015/10/14,大里,PM2.5,39,41,40,44,41,51,48,43,33,33,34,25,17,18,22,23,23,19,23,20,23,23,25,29	
2,	2015/07/03,大里,PM2.5,26,22,11,13,6,11,8,12,19,15,23,23,43,54,57,44,35,30,31,28,35,26,23,13	
2,	2015/06/30,大里,PM2.5,11,12,10,8,13,9,16,12,19,16,23,0,31,22,23,23,30,33,45,53,55,43,28,24	
2,	2015/10/12,大里,PM2.5,33,31,27,28,17,18,13,19,17,19,23,23,24,23,24,26,27,24,27,34,38,40,33,45	
2,	2015/06/28,大里,PM2.5,33,23,16,12,12,17,20,19,19,17,13,19,28,27,23,19,35,32,37,42,60,60,52,39	
2,	2015/10/11,大里,PM2.5,23,25,15,17,13,15,13,21,22,15,15,19,26,26,30,38,39,42,38,35,34,34,34,33	
2,	2015/12/24,大里,PM2.5,27,21,15,13,21,20,22,23,27,38,40,50,53,53,0,62,65,68,72,67,61,46,42,45	
2,	2015/12/09,大里,PM2.5,24,22,18,20,28,38,39,34,32,36,0,41,60,55,64,42,39,19,15,14,15,26,20,23	
2,	2015/06/21,大里,PM2.5,23,30,26,33,35,44,41,43,46,46,34,32,33,39,29,27,23,23,13,12,9,15,22,32	
2,	2015/10/05,大里,PM2.5,53,51,43,36,33,34,33,31,34,0,0,0,0,0,4,47,43,49,50,53,49,53,51,49	
2,	2015/06/19,大里,PM2.5,43,37,35,43,32,25,23,23,24,12,12,15,24,23,20,13,12,11,12,9,14,11,20,17	
2,	2015/06/18,大里,PM2.5,22,24,30,32,22,12,9,12,12,16,14,23,17,17,16,14,16,18,28,44,56,62,62,51	
2,	2015/10/02,大里,PM2.5,33,41,38,39,26,26,22,30,29,28,23,26,26,30,31,30,27,30,38,34,33,21,30,34	
2,	2015/10/01,大里,PM2.5,21,18,22,23,23,17,24,26,29,22,24,26,27,29,33,0,33,33,28,38,38,43,43,38	
2,	2015/12/23,大里,PM2.5,36,36,30,28,33,31,34,31,43,52,59,44,29,15,21,34,32,31,20,31,32,38,33,34	
2,	2015/12/05,大里,PM2.5,19,22,24,23,24,20,23,25,24,32,44,52,53,46,51,42,34,24,23,22,17,15,8,10	
2,	2015/09/26,大里,PM2.5,37,36,32,32,28,27,23,23,24,34,35,33,23,23,23,17,14,12,16,23,20,23,12,9	
3,	2015/12/31,大里,PM2.5,4,2,11,10,12,9,15,9,7,8,8,3,2,3,14,19,32,37,46,44,44,39,44,43	
3,	2015/12/30,大里,PM2.5,32,26,21,22,27,21,27,23,40,32,31,23,19,16,0,3,20,18,21,22,18,20,12,10	
3,	2015/12/28,大里,PM2.5,11,10,15,12,12,4,12,9,15,15,18,15,12,15,17,12,11,14,17,24,14,23,17,18	
3,	2015/12/25,大里,PM2.5,43,39,35,40,32,31,13,18,6,13,5,7,6,0,12,12,13,6,7,12,21,23,23,13	
3,	2015/12/18,大里,PM2.5,14,16,15,12,12,20,21,23,24,40,39,34,23,28,26,24,22,17,12,2,9,18,22,19	
3,	2015/12/12,大里,PM2.5,15,13,13,14,17,23,19,12,7,14,23,33,24,22,15,14,21,18,25,26,38,38,30,22	
3,	2015/12/11,大里,PM2.5,2,10,4,5,5,10,11,13,23,31,35,29,22,16,14,20,23,28,28,28,22,19,17,13	
3,	2015/12/10,大里,PM2.5,12,21,18,20,13,8,8,2,7,2,2,0,5,10,8,7,12,14,8,10,8,13,3,8	
3,	2015/12/08,大里,PM2.5,7,8,7,7,2,6,11,12,13,14,18,14,15,15,13,14,12,16,18,14,19,18,28,26	
3,	2015/12/07,大里,PM2.5,6,3,2,2,1,7,8,12,9,11,6,10,10,10,12,16,14,15,12,23,16,15,8,11	
3,	2015/12/06,大里,PM2.5,7,7,1,0,2,9,12,12,6,5,5,8,2,0,1,3,5,9,5,8,5,9,9,8	
3,	2015/11/27,大里,PM2.5,10,5,2,2,8,12,8,10,6,13,0,0,0,37,0,85,17,32,17,24,43,15,0,19	
3,	2015/11/26,大里,PM2.5,0,5,2,2,0,2,9,12,14,12,12,12,0,0,16,13,16,9,19,17,20,12,12,12	
3,	2015/11/25,大里,PM2.5,14,14,7,1,7,8,10,3,12,13,23,12,8,13,17,25,14,17,16,15,11,14,11,11	
3,	2015/11/24,大里,PM2.5,12,18,15,19,14,21,14,17,13,14,15,12,15,20,18,17,15,12,9,6,7,12,8,14	
3,	2015/11/23,大里,PM2.5,33,38,30,24,22,0,0,0,34,29,29,16,16,14,20,20,22,21,15,16,12,18,6,15	
3,	2015/11/10,大里,PM2.5,7,11,7,5,3,2,5,4,9,10,14,12,17,17,16,14,19,19,28,29,33,25,29,31	
3,	2015/11/03,大里,PM2.5,15,15,15,15,15,15,15,15,15,15,0,0,4,19,15,19,19,22,14,15,19,29,33,27	
3,	2015/11/02,大里,PM2.5,26,26,26,26,26,26,26,26,26,26,0,0,4,0,0,15,15,15,15,15,15,15,15,15	
3,	2015/10/23,大里,PM2.5,21,24,21,25,22,19,19,22,21,22,21,21,21,14,13,18,25,28,22,15,17,13,21,18	
3,	2015/10/15,大里,PM2.5,28,28,30,29,23,22,19,22,14,12,11,24,33,35,28,21,20,12,17,20,22,15,10,18	
3,	2015/10/10,大里,PM2.5,11,11,12,10,10,9,12,12,18,17,25,19,23,18,21,16,14,12,12,15,22,23,25,26	
3,	2015/10/09,大里,PM2.5,17,11,10,7,12,9,7,0,10,17,20,12,12,13,12,12,9,7,7,9,11,13,12,14	
3,	2015/09/30,大里,PM2.5,20,18,17,23,12,11,3,12,12,23,25,33,27,28,20,29,25,32,25,24,23,22,23,21	
3,	2015/09/29,大里,PM2.5,2,7,4,3,0,0,0,1,2,5,6,10,13,18,20,20,17,20,17,22,25,32,32,28	
3,	2015/09/28,大里,PM2.5,12,14,9,12,13,10,8,5,9,6,18,17,19,7,1,4,7,7,5,3,11,6,3,0	
3,	2015/09/27,大里,PM2.5,7,7,7,12,9,12,3,12,11,16,15,19,17,24,25,26,17,15,12,13,14,13,10,12	
3,	2015/09/09,大里,PM2.5,21,18,20,16,22,16,15,14,15,28,34,35,28,21,20,17,13,12,13,16,16,18,23,25	
3,	2015/09/08,大里,PM2.5,5,3,10,11,12,1,2,4,14,13,14,13,18,24,20,20,19,17,17,19,15,18,12,23	
3,	2015/09/07,大里,PM2.5,16,17,11,11,12,13,15,15,12,16,12,6,9,13,18,0,9,3,3,3,7,7,9,10	
3,	2015/09/06,大里,PM2.5,15,18,15,17,20,22,17,20,20,18,19,15,17,6,5,5,9,12,18,20,23,26,23,28	
3,	2015/09/04,大里,PM2.5,21,17,15,12,13,13,17,15,28,30,39,23,14,12,16,18,12,11,14,15,16,12,16,20	
3,	2015/09/03,大里,PM2.5,13,6,12,5,10,3,9,9,17,17,25,28,24,19,11,20,23,24,16,12,20,23,27,20	
3,	2015/09/02,大里,PM2.5,2,3,0,2,1,6,5,5,5,9,4,23,4,19,21,16,17,10,7,2,2,7,12,13	
3,	2015/09/01,大里,PM2.5,7,7,5,2,4,3,2,2,2,12,12,15,10,17,20,18,10,6,11,14,9,9,3,10	
3,	2015/08/31,大里,PM2.5,3,0,0,0,0,0,1,1,1,7,7,14,18,17,18,14,16,13,14,12,18,12,9,3	
3,	2015/08/30,大里,PM2.5,2,4,0,1,0,0,1,1,5,2,2,2,7,5,5,4,10,6,5,2,3,2,3,2	
3,	2015/08/29,大里,PM2.5,6,5,1,0,0,0,3,3,8,3,12,12,13,9,8,4,1,0,0,2,0,0,0,2	
3,	2015/08/28,大里,PM2.5,3,3,5,5,3,2,3,6,12,15,17,16,23,22,0,0,12,16,13,16,10,10,6,7	
3,	2015/08/27,大里,PM2.5,4,1,3,1,5,0,3,0,6,10,14,9,5,6,11,6,3,2,11,10,8,5,8,7	
3,	2015/08/26,大里,PM2.5,12,2,0,1,7,9,3,7,6,18,15,23,17,19,12,23,28,30,18,14,8,15,11,12	
3,	2015/08/25,大里,PM2.5,5,15,19,18,12,6,2,11,11,22,12,22,23,34,33,38,38,38,29,27,21,17,12,12	
3,	2015/08/24,大里,PM2.5,12,9,11,12,14,12,10,8,9,12,17,19,14,15,20,26,22,19,23,17,13,6,5,6	
3,	2015/08/19,大里,PM2.5,23,15,14,12,9,7,5,11,13,18,13,17,15,23,26,28,24,18,22,23,23,25,25,25	
3,	2015/08/18,大里,PM2.5,20,15,3,0,0,1,1,6,9,21,25,33,28,27,22,25,18,27,24,32,19,22,26,25	
3,	2015/08/17,大里,PM2.5,10,8,9,2,2,0,5,4,2,11,20,19,11,3,7,4,10,10,18,28,43,50,38,29	
3,	2015/08/16,大里,PM2.5,9,9,11,4,0,1,4,3,0,0,13,16,17,6,3,0,0,1,7,8,15,15,13,9	
3,	2015/08/15,大里,PM2.5,12,4,12,6,7,0,0,0,3,13,12,18,8,17,10,12,9,12,19,16,12,4,6,6	
3,	2015/08/14,大里,PM2.5,3,5,4,0,0,2,4,7,4,3,7,5,5,9,13,4,19,12,13,5,9,2,11,7	
3,	2015/08/13,大里,PM2.5,10,3,3,3,2,2,3,9,4,8,12,16,16,16,13,17,16,22,24,20,18,11,8,3	
3,	2015/08/12,大里,PM2.5,9,7,16,12,7,6,10,15,9,5,0,4,9,13,15,13,12,12,15,11,10,5,14,14	
3,	2015/08/11,大里,PM2.5,11,12,10,9,15,13,17,17,25,25,22,16,12,12,16,15,16,8,21,18,26,20,19,12	
3,	2015/08/10,大里,PM2.5,20,19,11,17,12,13,14,19,25,24,23,18,7,2,5,13,16,12,9,13,17,11,7,7	
3,	2015/08/09,大里,PM2.5,2,0,4,5,3,0,0,1,5,8,11,14,18,16,12,13,19,25,28,31,32,33,26,25	
3,	2015/08/08,大里,PM2.5,7,6,2,0,2,1,4,2,5,0,0,0,0,1,5,2,3,1,4,5,5,5,6,4	
3,	2015/08/07,大里,PM2.5,4,0,4,4,2,5,11,18,23,37,48,53,43,28,17,7,5,2,9,7,3,0,0,2	
3,	2015/08/04,大里,PM2.5,23,18,22,23,25,25,19,20,24,32,37,25,23,16,20,15,23,17,15,12,14,15,14,21	
3,	2015/08/02,大里,PM2.5,7,16,11,13,12,12,10,13,15,24,22,24,25,23,24,15,21,15,16,13,23,23,23,15	
3,	2015/08/01,大里,PM2.5,11,14,12,8,10,12,17,17,19,23,29,36,28,25,23,23,22,10,5,7,13,13,8,10	
3,	2015/07/31,大里,PM2.5,9,13,13,21,14,22,20,31,20,24,23,32,33,28,26,22,25,15,12,1,9,12,12,9	
3,	2015/07/30,大里,PM2.5,2,6,12,16,11,13,19,26,30,30,33,32,31,33,43,0,21,22,19,20,24,22,20,12	
3,	2015/07/29,大里,PM2.5,2,8,9,9,0,4,9,10,3,9,15,20,22,23,33,30,30,18,17,7,9,5,8,4	
3,	2015/07/28,大里,PM2.5,3,3,3,6,2,5,11,9,5,4,6,12,12,20,23,21,12,15,11,11,2,2,4,4	
3,	2015/07/27,大里,PM2.5,9,9,4,1,2,4,4,8,10,13,20,23,24,18,22,28,35,26,15,3,8,14,19,12	
3,	2015/07/26,大里,PM2.5,20,17,14,16,13,17,13,20,11,17,16,18,14,10,12,7,7,11,11,15,18,20,12,8	
3,	2015/07/25,大里,PM2.5,23,12,12,4,8,9,20,17,15,12,17,23,24,24,23,18,19,18,23,14,12,7,14,19	
3,	2015/07/24,大里,PM2.5,12,5,5,1,0,0,0,4,11,11,9,9,14,18,20,15,16,19,23,19,19,14,22,15	
3,	2015/07/23,大里,PM2.5,11,1,0,1,7,6,2,0,4,12,19,20,17,13,23,28,33,23,23,13,16,11,20,10	
3,	2015/07/22,大里,PM2.5,8,3,0,4,5,4,8,12,12,13,14,25,25,25,24,17,23,12,13,5,15,14,20,12	
3,	2015/07/21,大里,PM2.5,11,6,6,2,11,9,9,8,9,12,18,12,13,2,7,0,11,3,12,11,20,7,8,4	
3,	2015/07/20,大里,PM2.5,9,2,2,0,2,1,0,4,18,20,19,6,2,3,6,12,7,13,17,14,14,10,14,11	
3,	2015/07/19,大里,PM2.5,12,2,3,6,11,7,12,12,23,20,24,23,26,23,17,15,12,10,6,5,15,11,13,2	
3,	2015/07/12,大里,PM2.5,15,15,6,0,0,0,2,4,9,15,24,23,21,18,17,15,12,24,30,32,28,21,21,15	
3,	2015/07/11,大里,PM2.5,5,9,11,19,14,13,12,13,13,13,17,22,12,20,18,21,20,21,25,20,12,9,4,15	
3,	2015/07/10,大里,PM2.5,14,11,8,0,5,3,4,3,12,12,15,7,16,6,13,7,10,2,2,0,5,4,7,2	
3,	2015/07/09,大里,PM2.5,32,38,35,25,20,19,16,11,10,13,23,23,18,12,7,14,12,18,15,13,14,10,13,9	
3,	2015/07/08,大里,PM2.5,11,7,3,5,7,7,12,7,12,9,23,27,22,19,22,24,23,27,33,39,35,26,17,15	
3,	2015/07/05,大里,PM2.5,16,16,15,18,19,23,18,21,23,31,20,19,12,15,12,12,14,19,19,22,24,24,19,13	
3,	2015/07/04,大里,PM2.5,21,15,16,6,12,5,13,13,18,21,24,27,26,20,21,17,18,23,23,22,21,14,16,9	
3,	2015/07/01,大里,PM2.5,17,20,12,7,1,0,5,11,19,15,14,18,26,29,23,20,16,30,36,39,30,20,17,15	
3,	2015/06/29,大里,PM2.5,39,36,33,32,23,20,15,12,9,9,15,22,19,20,21,13,14,11,19,17,13,17,12,17	
3,	2015/06/27,大里,PM2.5,17,17,20,15,9,11,11,9,10,18,24,28,26,26,26,21,12,10,12,23,28,34,40,41	
3,	2015/06/26,大里,PM2.5,20,15,20,16,16,12,9,5,4,10,23,4,37,28,20,12,18,20,32,38,43,36,33,19	
3,	2015/06/25,大里,PM2.5,20,10,12,13,17,13,13,6,5,5,0,0,10,13,15,20,25,27,30,25,32,23,25,15	
3,	2015/06/24,大里,PM2.5,2,9,12,12,7,0,2,1,11,12,12,9,11,14,13,16,28,23,24,15,18,17,23,25	
3,	2015/06/23,大里,PM2.5,3,7,10,15,20,16,19,13,24,19,26,13,20,12,19,13,13,12,13,16,12,11,3,2	
3,	2015/06/22,大里,PM2.5,30,24,14,9,7,2,8,8,19,18,28,27,40,25,25,20,23,22,17,20,17,15,12,11	
3,	2015/06/20,大里,PM2.5,23,19,17,16,12,17,14,21,14,13,18,16,31,29,33,18,20,15,21,13,20,14,15,18	
3,	2015/06/17,大里,PM2.5,28,19,24,17,17,13,22,28,31,26,20,18,20,16,14,15,12,14,18,22,23,23,26,26	
3,	2015/06/16,大里,PM2.5,7,13,14,14,14,12,13,14,18,23,28,31,30,20,12,10,9,12,9,13,21,15,28,18	
3,	2015/06/15,大里,PM2.5,9,8,6,0,5,2,6,6,8,9,14,21,24,17,18,0,6,12,12,9,2,5,7,11	
3,	2015/06/14,大里,PM2.5,10,11,14,12,21,12,19,16,28,18,12,5,9,4,2,7,10,15,8,9,5,15,12,11	
3,	2015/06/13,大里,PM2.5,23,24,22,15,11,13,17,22,13,19,21,31,24,22,24,16,15,7,12,12,16,21,20,15	
3,	2015/06/12,大里,PM2.5,14,9,11,9,16,15,21,16,20,9,11,9,21,19,21,17,22,20,16,15,18,13,14,14	
3,	2015/06/11,大里,PM2.5,10,9,6,9,19,22,20,15,11,11,9,13,16,12,11,2,9,3,12,12,24,30,31,20	
3,	2015/06/10,大里,PM2.5,15,11,12,13,18,12,6,5,11,9,7,17,23,23,11,9,12,12,18,11,17,12,9,9	
3,	2015/06/09,大里,PM2.5,8,12,15,16,15,16,16,12,12,15,22,17,17,11,9,12,11,25,16,23,18,22,21,13	
3,	2015/06/08,大里,PM2.5,14,8,12,2,5,6,18,15,14,6,4,18,23,17,16,12,13,15,24,21,18,12,12,11	
3,	2015/06/07,大里,PM2.5,7,3,9,4,4,0,11,18,22,12,16,16,20,15,19,17,16,13,16,16,11,11,14,13	
3,	2015/06/06,大里,PM2.5,7,14,11,10,1,0,1,5,6,7,6,8,11,12,9,12,10,20,15,15,12,17,18,12	
3,	2015/06/05,大里,PM2.5,25,23,16,7,9,12,21,18,20,14,10,9,5,19,14,23,19,22,22,20,17,20,14,17	
3,	2015/06/04,大里,PM2.5,5,2,0,1,3,3,5,1,7,7,10,11,20,15,14,11,16,14,16,21,24,28,25,28	
3,	2015/06/03,大里,PM2.5,1,2,2,3,8,9,12,16,19,19,15,16,17,13,12,12,12,11,19,13,16,10,15,12	
3,	2015/06/02,大里,PM2.5,15,12,12,4,5,4,11,6,8,13,24,22,16,12,14,15,16,11,9,7,9,9,4,4	
3,	2015/06/01,大里,PM2.5,0,1,0,0,0,0,1,9,20,27,23,0,24,15,19,19,19,20,16,26,23,23,17,15	
3,	2015/05/31,大里,PM2.5,11,15,11,13,10,5,3,9,14,10,9,6,11,3,5,1,2,0,2,9,12,12,4,2	
3,	2015/05/30,大里,PM2.5,12,12,4,0,0,0,0,9,11,15,12,17,19,18,15,13,16,15,12,10,11,16,13,15	
3,	2015/05/29,大里,PM2.5,10,15,21,18,12,9,10,7,5,12,23,17,12,1,10,10,14,12,16,19,21,20,17,18	
3,	2015/05/27,大里,PM2.5,0,0,0,0,0,1,4,5,6,9,19,15,14,2,2,5,16,18,13,7,12,12,9,3	
3,	2015/05/25,大里,PM2.5,0,4,10,10,4,0,5,10,15,14,0,18,24,27,28,20,17,18,29,24,29,21,32,27	
3,	2015/05/24,大里,PM2.5,2,9,4,3,2,2,8,8,12,9,5,2,2,2,2,0,0,1,3,3,0,0,3,3	
3,	2015/05/23,大里,PM2.5,7,2,10,9,9,7,19,23,24,18,12,9,4,3,0,6,11,12,9,7,9,6,2,2	
3,	2015/05/22,大里,PM2.5,24,26,33,30,19,10,11,14,16,12,11,4,6,10,13,16,10,13,12,11,5,5,15,12	
3,	2015/05/21,大里,PM2.5,6,8,2,12,9,14,7,8,7,12,19,28,31,28,23,18,21,23,23,24,24,27,28,24	
3,	2015/05/20,大里,PM2.5,12,18,24,17,14,11,16,18,20,23,18,17,17,17,16,9,5,10,12,17,7,12,11,15	
3,	2015/05/19,大里,PM2.5,13,12,14,7,7,2,8,12,16,16,9,12,10,13,5,13,23,26,22,16,21,14,11,5	
3,	2015/05/18,大里,PM2.5,17,16,21,23,17,18,16,24,28,23,26,21,22,0,12,14,15,19,23,27,26,24,18,14	
3,	2015/05/17,大里,PM2.5,9,10,13,18,15,13,16,22,23,23,18,21,23,27,23,24,20,17,8,17,18,20,15,12	
3,	2015/05/16,大里,PM2.5,6,0,9,9,12,6,5,7,10,12,18,25,32,23,15,12,17,15,21,16,20,17,15,15	
3,	2015/05/15,大里,PM2.5,7,8,4,15,12,16,11,17,20,22,25,28,33,33,22,19,14,23,23,23,20,14,16,10	
3,	2015/05/14,大里,PM2.5,33,20,20,19,31,28,28,16,19,15,0,15,33,18,21,17,20,14,9,9,12,18,15,12	
3,	2015/05/09,大里,PM2.5,27,20,23,19,25,18,14,4,11,17,21,30,29,33,23,20,16,12,14,9,9,7,15,17	
3,	2015/05/04,大里,PM2.5,12,8,4,10,10,10,6,11,15,15,14,12,16,17,23,26,25,23,21,26,31,32,33,32	
3,	2015/04/22,大里,PM2.5,33,28,23,22,19,16,11,12,18,24,23,21,20,23,0,24,18,12,17,21,26,18,16,14	
3,	2015/04/20,大里,PM2.5,12,11,8,12,12,11,9,5,15,17,23,21,24,19,20,12,22,13,21,13,20,15,20,15	
3,	2015/04/19,大里,PM2.5,3,2,8,7,8,2,5,5,9,11,20,23,23,27,27,24,16,13,23,26,37,24,21,11	
3,	2015/04/12,大里,PM2.5,10,8,13,19,22,18,16,20,18,18,8,10,7,13,7,18,17,20,14,12,12,17,23,22	
3,	2015/04/11,大里,PM2.5,5,8,11,7,14,8,18,12,16,13,14,17,23,18,23,15,19,16,14,16,9,17,16,22	
3,	2015/04/10,大里,PM2.5,16,8,15,12,9,2,3,5,10,9,12,16,19,20,18,16,17,11,11,10,11,11,6,6	
3,	2015/04/09,大里,PM2.5,5,6,7,5,2,0,0,4,11,18,20,23,23,27,25,27,28,20,22,20,25,28,29,26	
3,	2015/04/08,大里,PM2.5,5,11,5,5,7,6,8,3,3,3,6,11,9,10,9,9,7,2,6,10,14,9,5,1	
3,	2015/04/07,大里,PM2.5,24,17,12,7,13,23,20,9,6,12,15,17,11,11,9,4,15,13,17,14,14,15,7,14	
3,	2015/04/06,大里,PM2.5,2,10,4,9,6,6,6,9,12,14,16,18,22,22,18,17,22,28,26,12,21,25,37,24	
3,	2015/04/05,大里,PM2.5,25,22,25,18,17,20,18,18,13,12,15,21,28,28,23,17,12,13,11,13,8,12,4,9	
3,	2015/04/03,大里,PM2.5,7,9,7,22,13,12,7,12,19,14,14,18,14,22,20,24,23,23,23,21,22,25,24,23	
3,	2015/04/01,大里,PM2.5,9,10,10,12,12,18,18,27,24,29,23,23,23,27,28,27,20,23,18,18,17,16,14,11	
3,	2015/03/28,大里,PM2.5,24,23,15,14,10,3,0,5,14,20,21,12,12,12,16,16,22,23,27,33,35,43,35,37	
3,	2015/03/27,大里,PM2.5,23,24,24,27,28,28,24,20,18,20,22,19,16,15,20,21,23,21,21,19,17,17,16,23	
3,	2015/03/26,大里,PM2.5,8,9,8,9,11,20,26,26,24,33,36,37,28,21,16,8,9,5,11,10,12,18,19,25	
3,	2015/03/25,大里,PM2.5,11,10,11,7,9,12,13,20,23,20,19,15,20,12,19,12,18,12,17,13,17,11,12,9	
3,	2015/03/24,大里,PM2.5,5,5,4,8,6,3,3,3,7,3,7,9,13,11,5,0,11,5,8,7,7,8,9,9	
3,	2015/03/18,大里,PM2.5,9,13,12,12,12,15,15,19,22,24,25,23,33,33,33,32,35,34,24,14,12,17,21,15	
3,	2015/03/12,大里,PM2.5,10,8,9,10,10,7,7,9,20,17,17,12,16,16,21,21,19,16,13,11,10,8,16,23	
3,	2015/03/11,大里,PM2.5,14,12,5,2,2,6,3,4,7,19,35,39,35,27,24,23,17,22,21,19,12,14,17,12	
3,	2015/03/10,大里,PM2.5,11,9,9,13,10,9,9,12,23,21,26,24,23,30,31,40,32,27,30,31,35,25,20,13	
3,	2015/03/01,大里,PM2.5,37,33,32,18,17,13,14,4,7,8,17,13,10,4,4,4,9,7,12,8,8,5,2,4	
3,	2015/02/24,大里,PM2.5,30,26,26,20,24,24,28,19,8,12,33,33,37,21,24,10,9,3,4,9,12,16,18,24	
3,	2015/02/10,大里,PM2.5,9,3,7,3,4,0,0,0,3,12,0,11,20,22,28,26,30,32,24,14,17,19,29,24	
3,	2015/02/09,大里,PM2.5,23,15,6,3,6,9,9,7,8,7,12,12,12,7,9,9,12,11,15,12,16,11,15,8	
3,	2015/02/04,大里,PM2.5,10,12,9,12,7,4,4,2,13,20,26,16,10,19,23,26,21,26,33,28,29,27,31,26	
3,	2015/02/03,大里,PM2.5,23,27,25,22,17,17,16,23,26,31,28,20,17,22,27,25,23,13,5,3,2,2,2,10	
3,	2015/02/01,大里,PM2.5,17,11,8,2,3,1,0,2,5,10,8,10,23,26,23,13,11,16,18,23,23,15,16,12	
3,	2015/01/31,大里,PM2.5,6,0,1,9,9,10,7,12,12,10,17,23,26,27,28,33,31,35,30,33,23,16,8,8	
3,	2015/01/30,大里,PM2.5,17,15,13,15,14,14,9,8,10,12,12,8,7,12,16,25,24,24,14,10,5,3,7,6	
3,	2015/01/29,大里,PM2.5,14,14,12,7,1,0,4,6,12,16,15,0,52,38,30,29,27,29,24,24,21,19,19,23	
3,	2015/01/28,大里,PM2.5,17,9,12,6,7,2,0,0,0,0,2,7,8,13,11,15,12,20,23,21,13,7,11,12	
3,	2015/01/15,大里,PM2.5,2,3,7,3,7,5,10,7,13,16,14,8,5,13,20,30,30,33,28,29,33,26,23,12	
3,	2015/01/14,大里,PM2.5,10,7,3,0,3,7,5,1,0,0,0,0,0,0,4,12,13,10,12,14,21,19,15,8	
3,	2015/07/02,大里,PM2.5,11,8,7,10,7,0,1,5,12,18,25,25,25,23,28,33,32,34,35,39,33,30,28,29	
